I 99616.9986983 13274.4096013 99617.0986983 13274.3096013
I 21508.5041372 79976.7182268 21508.6041372 79976.6182268
I 9405.52558919 94701.9009347 9405.62558919 94701.8009347
I 60529.7983044 92999.5530905 60529.8983044 92999.4530905
I 45941.3562943 43371.5324796 45941.4562943 43371.4324796
I 34505.0947546 69207.9173522 34505.1947546 69207.8173522
I 45637.5862677 47908.6017256 45637.6862677 47908.5017256
I 3094.26007468 61138.4625351 3094.36007468 61138.3625351
I 53454.7639492 35098.4761452 53454.8639492 35098.3761452
I 61863.24355 11767.728079 61863.34355 11767.628079
I 34615.6939511 13020.0881466 34615.7939511 13019.9881466
I 39068.9341054 6187.30646222 39069.0341054 6187.20646222
I 5187.53910188 8535.05576662 5187.63910188 8534.95576662
I 52330.8951975 56278.558334 52330.9951975 56278.458334
I 98433.1616605 17701.9108879 98433.2616605 17701.8108879
I 89032.964476 91942.6936605 89033.064476 91942.5936605
I 41775.710102 56336.0409185 41775.810102 56335.9409185
I 69431.0109588 34426.3571116 69431.1109588 34426.2571116
I 89365.6305477 40769.1391141 89365.7305477 40769.0391141
I 45225.7285296 64825.9140033 45225.8285296 64825.8140033
I 15260.406964 70762.318579 15260.506964 70762.218579
I 38681.5556805 47217.8000232 38681.6556805 47217.7000232
I 86402.6886029 42038.7086954 86402.7886029 42038.6086954
I 90663.5304363 18923.8000223 90663.6304363 18923.7000223
I 14209.5505112 23376.3697112 14209.6505112 23376.2697112
I 15117.6988635 1734.90550494 15117.7988635 1734.80550494
I 31199.9040099 30941.423555 31200.0040099 30941.323555
I 34970.2955831 26351.5578138 34970.3955831 26351.4578138
I 72989.9635432 98671.7153813 72990.0635432 98671.6153813
I 1456.806357 16541.2751258 1456.906357 16541.1751258
I 94923.0028332 19434.0034089 94923.1028332 19433.9034089
I 84039.1513326 83767.465588 84039.2513326 83767.365588
I 50990.6287572 80194.4832952 50990.7287572 80194.3832952
I 51023.0045212 88705.1848 51023.1045212 88705.0848
I 61288.9230556 84730.2673722 61289.0230556 84730.1673722
I 42819.0453004 72429.829237 42819.1453004 72429.729237
I 7699.9372692 72791.9810314 7700.0372692 72791.8810314
I 28565.3534373 43352.2414075 28565.4534373 43352.1414075
I 74427.8405689 86516.8659555 74427.9405689 86516.7659555
I 31224.2413776 23039.9122318 31224.3413776 23039.8122318
I 26410.5845392 27876.8425785 26410.6845392 27876.7425785
I 39343.9350188 62595.3355464 39344.0350188 62595.2355464
I 26973.5044788 48766.670291 26973.6044788 48766.570291
I 49457.5874129 45115.3409635 49457.6874129 45115.2409635
I 93801.6117083 76734.3916897 93801.7117083 76734.2916897
I 4445.15935064 88736.0326202 4445.25935064 88735.9326202
I 50089.5981849 83344.8195808 50089.6981849 83344.7195808
I 43554.428592 4429.18592108 43554.528592 4429.08592108
I 54458.1917445 40447.3815443 54458.2917445 40447.2815443
I 30465.4808548 35489.5296692 30465.5808548 35489.4296692

