0
F -7890529.65417 -3978860.06235 -7889245.65417 -3980370.06235
F -7831320.09742 -3956013.3906 -7830915.09742 -3960748.3906
F -7832575.90647 -3930818.57514 -7831817.90647 -3932096.57514
F -7889933.28783 -3970060.50087 -7889278.28783 -3971332.50087
F -7881890.69934 -3946554.84738 -7879660.69934 -3950043.84738
F -7863927.48034 -3963646.72724 -7863381.48034 -3967523.72724
F -7867782.83235 -3929484.96393 -7864273.83235 -3930054.96393
F -7838795.47253 -3940972.51988 -7837287.47253 -3945527.51988
F -7857083.80963 -3943377.52469 -7856833.80963 -3946497.52469
F -7866706.86118 -3951496.47469 -7866653.86118 -3953080.47469
F -7899634.34043 -3951217.54976 -7896904.34043 -3955420.54976
F -7893574.36836 -3931502.50416 -7891157.36836 -3931798.50416
F -7897067.05708 -3976423.48447 -7894149.05708 -3976563.48447
F -7833294.88755 -3964531.52136 -7830360.88755 -3966888.52136
F -7867348.63697 -3959021.79716 -7862354.63697 -3960158.79716
F -7851920.11027 -3954711.09482 -7849476.11027 -3957893.09482
F -7899550.7435 -3964345.19983 -7896473.7435 -3965922.19983
F -7872355.78484 -3974458.36931 -7869525.78484 -3977455.36931
F -7887129.88587 -3948138.86118 -7885863.88587 -3949633.86118
F -7833055.85084 -3957917.91172 -7832042.85084 -3959307.91172
F -7851654.63514 -3930154.97961 -7850749.63514 -3934395.97961
F -7886005.65429 -3939425.97888 -7885882.65429 -3943625.97888
F -7852681.82596 -3948084.63432 -7849208.82596 -3952990.63432
F -7878283.64217 -3931717.95189 -7874242.64217 -3932149.95189
F -7867069.47776 -3970664.78094 -7865047.47776 -3974651.78094
F -7874778.85507 -3980091.67177 -7871828.85507 -3982206.67177
F -7854737.34726 -3978373.89085 -7853135.34726 -3978533.89085
F -7866429.84905 -3967079.275 -7865431.84905 -3971587.275
F -7849917.21131 -3952365.91376 -7848939.21131 -3954919.91376
F -7830730.62134 -3979852.44328 -7829734.62134 -3983746.44328
F -7831861.82929 -3952318.06405 -7830610.82929 -3953273.06405
F -7878429.74698 -3956898.40846 -7875904.74698 -3958162.40846
F -7896586.29082 -3949678.23476 -7892420.29082 -3950920.23476
F -7857210.30968 -3966660.59352 -7854162.30968 -3969938.59352
F -7884676.10487 -3948055.36752 -7881975.10487 -3949216.36752
F -7870164.80358 -3943954.19347 -7865958.80358 -3946054.19347
F -7874310.40802 -3979184.57483 -7871575.40802 -3979415.57483
F -7881202.15618 -3949729.599 -7878311.15618 -3951314.599
F -7897904.41675 -3951399.13221 -7896657.41675 -3952129.13221
F -7893752.38236 -3943495.12962 -7891252.38236 -3945782.12962
F -7830158.99412 -3940427.34281 -7829734.99412 -3942033.34281
F -7878676.90942 -3931980.9045 -7874300.90942 -3936789.9045
F -7834949.39545 -3950970.61872 -7833193.39545 -3951110.61872
F -7842675.13278 -3978729.03591 -7839100.13278 -3980915.03591
F -7839251.44541 -3942647.91437 -7837072.44541 -3943268.91437
F -7873353.06543 -3936738.46273 -7869268.06543 -3940564.46273
F -7844663.69328 -3955411.30241 -7839951.69328 -3958189.30241
F -7888203.46681 -3952251.98082 -7883436.46681 -3955480.98082
F -7858782.28553 -3945685.2813 -7857592.28553 -3946297.2813
F -7847260.30164 -3943457.13903 -7844448.30164 -3947830.13903
F -7884517.08746 -3941552.58183 -7880881.08746 -3945405.58183
F -7834688.2793 -3925265.64209 -7829826.2793 -3929580.64209
F -7838213.69636 -3981264.3223 -7835427.69636 -3984340.3223
F -7889229.81594 -3961570.49325 -7887661.81594 -3964506.49325
F -7842200.05101 -3953823.27289 -7838699.05101 -3954622.27289
F -7833742.58613 -3973994.72363 -7831646.58613 -3976681.72363
F -7871129.29318 -3945908.22279 -7866281.29318 -3946473.22279
F -7831460.30194 -3947438.06482 -7830601.30194 -3951962.06482
F -7874336.55885 -3977919.74474 -7872597.55885 -3981372.74474
F -7864931.65302 -3980214.65084 -7860323.65302 -3981193.65084
F -7890601.33997 -3978242.63082 -7890476.33997 -3978321.63082
F -7893665.12284 -3944157.90389 -7890558.12284 -3947702.90389
F -7848948.86594 -3966559.31689 -7844661.86594 -3968128.31689
F -7859466.56606 -3962996.42127 -7857736.56606 -3967958.42127
F -7869401.21418 -3970665.59318 -7865592.21418 -3972027.59318
F -7833852.01321 -3963884.31759 -7833476.01321 -3966526.31759
F -7865266.08723 -3979467.90172 -7865255.08723 -3984217.90172
F -7849312.02389 -3932082.06384 -7845021.02389 -3936664.06384
F -7831229.43506 -3978454.9582 -7826621.43506 -3983054.9582
F -7831248.54941 -3938595.33949 -7830331.54941 -3940367.33949
F -7877909.15214 -3953308.46561 -7874136.15214 -3955135.46561
F -7899464.4623 -3948523.99082 -7896186.4623 -3951254.99082
F -7844699.6944 -3925508.00873 -7842294.6944 -3929893.00873
F -7866189.52045 -3967285.26186 -7863926.52045 -3970260.26186
F -7895992.31833 -3976315.34154 -7893609.31833 -3980875.34154
F -7837939.49156 -3960642.40294 -7836600.49156 -3965288.40294
F -7858733.9987 -3966126.02088 -7855454.9987 -3969672.02088
F -7841485.08989 -3944800.1249 -7841390.08989 -3948488.1249
F -7856407.12805 -3960804.15411 -7855455.12805 -3961343.15411
F -7883971.97516 -3945842.66832 -7881368.97516 -3949608.66832
F -7866929.95507 -3962997.67131 -7865785.95507 -3965663.67131
F -7855551.15582 -3956671.25098 -7850973.15582 -3960733.25098
F -7880861.8024 -3962791.13081 -7880070.8024 -3967632.13081
F -7873400.14492 -3946881.25549 -7870002.14492 -3947873.25549
F -7878654.95314 -3974318.94822 -7876264.95314 -3975229.94822
F -7887633.43203 -3977043.99802 -7886714.43203 -3979605.99802
F -7893698.53883 -3936417.43603 -7890914.53883 -3939460.43603
F -7846529.46866 -3948929.43773 -7842304.46866 -3949458.43773
F -7871848.1395 -3969724.03605 -7869999.1395 -3970288.03605
F -7896091.22926 -3977840.31839 -7894839.22926 -3978159.31839
F -7868223.29824 -3972288.13008 -7867959.29824 -3972632.13008
F -7870434.66588 -3929063.80352 -7866779.66588 -3931371.80352
F -7864880.35518 -3954090.68023 -7861033.35518 -3957604.68023
F -7858873.02808 -3967766.29703 -7857383.02808 -3972247.29703
F -7868645.91803 -3980210.99833 -7867847.91803 -3981860.99833
F -7848745.85983 -3937933.55029 -7847739.85983 -3939102.55029
F -7878429.84572 -3981926.09433 -7877626.84572 -3982580.09433
F -7838039.46273 -3951835.11234 -7837105.46273 -3956015.11234
F -7888149.68085 -3948205.0202 -7883928.68085 -3952867.0202
F -7843018.99301 -3936405.38288 -7839836.99301 -3937278.38288
F -7832976.44065 -3958028.73103 -7831722.44065 -3960235.73103
F -7852005.07922 -3982412.41721 -7848186.07922 -3984183.41721
F -7875138.43575 -3952159.18586 -7875058.43575 -3952360.18586
F -7870256.1933 -3951644.53305 -7869873.1933 -3956543.53305
F -7886584.05038 -3977919.08821 -7885155.05038 -3982624.08821
F -7888551.01998 -3978868.12474 -7887912.01998 -3979734.12474
F -7842564.36618 -3979901.79217 -7841068.36618 -3982789.79217
F -7844689.69052 -3979465.11419 -7843646.69052 -3980335.11419
F -7857172.45167 -3942701.29583 -7853008.45167 -3946135.29583
F -7880252.69858 -3951089.06528 -7879768.69858 -3953857.06528
F -7857281.19369 -3980069.79457 -7852919.19369 -3982256.79457
F -7831748.57092 -3940418.88513 -7830366.57092 -3942890.88513
F -7886736.08992 -3966213.7193 -7885687.08992 -3970350.7193
F -7873915.56302 -3944331.74185 -7869060.56302 -3944514.74185
F -7834279.17973 -3959919.21016 -7832472.17973 -3961360.21016
F -7867118.24027 -3960793.99651 -7865272.24027 -3961971.99651
F -7881719.7251 -3953166.22451 -7878557.7251 -3957995.22451
F -7851740.01293 -3960248.49599 -7848797.01293 -3963140.49599
F -7841482.57901 -3964725.20596 -7841275.57901 -3968771.20596
F -7830283.37864 -3944983.36646 -7826871.37864 -3946359.36646
F -7850394.15051 -3959444.92019 -7849367.15051 -3964431.92019
F -7867631.05073 -3979042.12261 -7865635.05073 -3980498.12261
F -7886694.64331 -3940467.2883 -7886594.64331 -3940578.2883
F -7897632.55315 -3962648.81515 -7896989.55315 -3965023.81515
F -7899669.63469 -3933912.17464 -7895354.63469 -3934808.17464
F -7840574.8014 -3954732.26944 -7837956.8014 -3957034.26944
F -7874953.01669 -3937104.77275 -7872773.01669 -3939717.77275
F -7854681.47573 -3963327.1968 -7852632.47573 -3964220.1968
F -7856979.85481 -3967047.58485 -7856176.85481 -3967902.58485
F -7869133.11711 -3957656.27293 -7865806.11711 -3960425.27293
F -7861226.12786 -3936545.94527 -7857176.12786 -3940121.94527
F -7892303.25059 -3932721.75624 -7887828.25059 -3936909.75624
F -7855378.63747 -3944609.95881 -7850842.63747 -3944799.95881
F -7838794.8395 -3955640.76472 -7836024.8395 -3960563.76472
F -7838740.91161 -3973158.32205 -7836756.91161 -3974243.32205
F -7837743.34467 -3926409.55474 -7833160.34467 -3930388.55474
F -7871637.89064 -3941276.1447 -7869801.89064 -3944901.1447
F -7862849.49526 -3934684.38722 -7861096.49526 -3938635.38722
F -7838361.79868 -3937125.71738 -7834178.79868 -3937493.71738
F -7879802.49431 -3976491.96405 -7875641.49431 -3979655.96405
F -7886015.87773 -3964980.66147 -7884138.87773 -3968102.66147
F -7847379.65567 -3979887.12794 -7845873.65567 -3982910.12794
F -7877264.24495 -3963306.96904 -7876695.24495 -3963739.96904
F -7842560.80513 -3956947.13442 -7838934.80513 -3956975.13442
F -7867024.04756 -3938604.50841 -7862799.04756 -3939452.50841
F -7888887.87961 -3960535.85803 -7885257.87961 -3962822.85803
F -7889716.04011 -3927986.22771 -7888569.04011 -3931150.22771
F -7850659.12067 -3949747.51525 -7847017.12067 -3954136.51525
F -7894829.13803 -3944420.16664 -7891687.13803 -3948472.16664
F -7845207.91316 -3966763.63955 -7840498.91316 -3969090.63955
F -7847398.76109 -3980329.07144 -7846067.76109 -3983222.07144
F -7876288.02443 -3933187.87265 -7874365.02443 -3936612.87265
F -7874791.28727 -3965162.89191 -7872584.28727 -3966214.89191
F -7873828.37857 -3959313.58607 -7869949.37857 -3960695.58607
F -7864406.19794 -3951675.97394 -7863661.19794 -3954012.97394
F -7899426.36561 -3973102.99944 -7895530.36561 -3974757.99944
F -7883037.64005 -3968436.85906 -7880974.64005 -3971553.85906
F -7841079.86337 -3954013.755 -7836311.86337 -3956811.755
F -7855678.29158 -3970346.82263 -7853267.29158 -3974711.82263
F -7858312.44396 -3950889.89719 -7854255.44396 -3950986.89719
F -7847990.75403 -3947984.55605 -7847435.75403 -3952707.55605
F -7888141.45417 -3981470.66089 -7883773.45417 -3983496.66089
F -7853258.11854 -3975926.27393 -7849542.11854 -3979564.27393
F -7859508.55502 -3967262.42576 -7856096.55502 -3970572.42576
F -7892288.52131 -3961815.75102 -7888688.52131 -3961893.75102
F -7889347.53532 -3955215.47992 -7884488.53532 -3957730.47992
F -7849414.03537 -3956728.1375 -7848427.03537 -3959146.1375
F -7870788.07395 -3935231.75776 -7870136.07395 -3935617.75776
F -7835414.07211 -3963543.53708 -7831602.07211 -3965458.53708
F -7879455.98136 -3957687.04878 -7879397.98136 -3960194.04878
F -7889226.62192 -3957632.67894 -7887221.62192 -3960106.67894
F -7841097.95336 -3955051.81943 -7840958.95336 -3957620.81943
F -7874850.79665 -3928658.91599 -7870673.79665 -3933398.91599
F -7835278.0789 -3941927.19993 -7834402.0789 -3946592.19993
F -7851445.59183 -3967437.92017 -7849940.59183 -3969481.92017
F -7898796.88563 -3930551.44311 -7896689.88563 -3931916.44311
F -7849578.02401 -3942934.71427 -7844745.02401 -3944106.71427
F -7861049.61349 -3964371.17346 -7856234.61349 -3967061.17346
F -7885963.86186 -3956252.28765 -7883634.86186 -3961165.28765
F -7880749.86623 -3958057.4381 -7877892.86623 -3961719.4381
F -7889662.20143 -3978245.87141 -7884927.20143 -3982313.87141
F -7830950.92075 -3935659.28422 -7826112.92075 -3936468.28422
F -7858988.47611 -3968350.87773 -7857576.47611 -3969497.87773
F -7865228.80302 -3958510.05325 -7861729.80302 -3960715.05325
F -7844456.76188 -3938719.31769 -7844309.76188 -3943373.31769
F -7857824.05561 -3937256.53521 -7854297.05561 -3940972.53521
F -7881386.25777 -3959892.02804 -7877697.25777 -3963779.02804
F -7853166.44153 -3939887.02678 -7850652.44153 -3940423.02678
F -7842050.84819 -3966270.2945 -7840012.84819 -3967309.2945
F -7873570.76279 -3978832.04727 -7871358.76279 -3981540.04727
F -7829951.00439 -3942934.79968 -7826474.00439 -3943164.79968
F -7847687.84447 -3928013.6213 -7845278.84447 -3931173.6213
F -7848762.91954 -3939866.86999 -7844527.91954 -3944100.86999
F -7852049.86469 -3961471.69108 -7850913.86469 -3961497.69108
F -7885587.51345 -3972588.57153 -7880880.51345 -3973209.57153
F -7893495.08853 -3942164.32482 -7891651.08853 -3945652.32482
F -7832864.96572 -3976414.87964 -7831064.96572 -3977938.87964
F -7841630.43235 -3970467.18744 -7841433.43235 -3970499.18744
F -7873986.19499 -3948379.37753 -7871150.19499 -3948621.37753
F -7895182.60168 -3948077.35675 -7891595.60168 -3952579.35675
F -7859832.47914 -3929057.1492 -7859128.47914 -3932403.1492
F -7853237.83395 -3978118.0891 -7848265.83395 -3978833.0891
F -7892885.44387 -3964207.84756 -7890274.44387 -3968339.84756
F -7879787.23572 -3934696.71589 -7876203.23572 -3937322.71589
F -7864889.97888 -3937841.90262 -7864253.97888 -3938941.90262
F -7871798.95336 -3958240.57999 -7869250.95336 -3958441.57999
F -7899981.97576 -3931913.11349 -7897894.97576 -3935068.11349
F -7899504.36767 -3971714.58313 -7896403.36767 -3973107.58313
F -7897706.91053 -3954756.83547 -7896906.91053 -3958541.83547
F -7871036.17038 -3977532.34787 -7866413.17038 -3977603.34787
F -7859174.98971 -3954463.68459 -7856133.98971 -3955356.68459
F -7832352.10118 -3970391.22422 -7827843.10118 -3975209.22422
F -7898604.90383 -3935980.07858 -7897862.90383 -3940821.07858
F -7858860.90154 -3974935.11369 -7857858.90154 -3979703.11369
F -7896376.03653 -3960267.14147 -7895805.03653 -3962002.14147
F -7872729.00963 -3967235.27243 -7871903.00963 -3968267.27243
F -7898503.66295 -3934522.78377 -7893874.66295 -3938900.78377
F -7899697.29219 -3948943.76331 -7895493.29219 -3951198.76331
F -7832340.43727 -3980077.28641 -7832122.43727 -3982937.28641
F -7855805.76644 -3954702.90164 -7854373.76644 -3956613.90164
F -7889684.84473 -3966430.0987 -7888823.84473 -3968006.0987
F -7845080.34963 -3956626.73417 -7843947.34963 -3958909.73417
F -7877053.84949 -3945820.38259 -7873915.84949 -3950771.38259
F -7868415.57331 -3981662.85408 -7868023.57331 -3983119.85408
F -7834303.4163 -3977495.50225 -7830060.4163 -3981390.50225
F -7864448.19628 -3953200.07374 -7864354.19628 -3957299.07374
F -7857370.4234 -3976639.91092 -7856514.4234 -3976740.91092
F -7881699.52565 -3936524.71558 -7879783.52565 -3940658.71558
F -7884070.0131 -3942103.41306 -7880592.0131 -3943870.41306
F -7832592.66432 -3951212.24661 -7828906.66432 -3954708.24661
F -7840916.84353 -3958467.04587 -7838553.84353 -3959454.04587
F -7892121.05071 -3934377.22316 -7888883.05071 -3934487.22316
F -7896609.99874 -3972472.81678 -7892561.99874 -3976258.81678
F -7886642.52705 -3974347.52271 -7884161.52705 -3979075.52271
F -7843721.05304 -3973966.32063 -7840992.05304 -3976645.32063
F -7840565.97123 -3965678.21818 -7838216.97123 -3966279.21818
F -7878366.45604 -3979380.69555 -7876359.45604 -3980224.69555
F -7896530.39522 -3954576.71322 -7893566.39522 -3956873.71322
F -7852076.5 -3945461.96001 -7847464.5 -3947314.96001
F -7875032.2404 -3966003.56304 -7874197.2404 -3968669.56304
F -7872061.76292 -3930479.45183 -7871361.76292 -3934043.45183
F -7881643.03207 -3949201.38565 -7877783.03207 -3952378.38565
F -7897621.55455 -3972304.07454 -7894489.55455 -3975821.07454
F -7875007.96806 -3972681.90191 -7874236.96806 -3974454.90191
F -7862393.34329 -3939950.76316 -7858081.34329 -3942286.76316
F -7896426.49919 -3941673.99007 -7891913.49919 -3941726.99007
F -7832965.86927 -3930103.92067 -7829464.86927 -3933292.92067
F -7832167.19317 -3945284.17616 -7831236.19317 -3946384.17616
F -7854248.42262 -3955715.20429 -7854075.42262 -3957993.20429
F -7881383.42293 -3962232.15087 -7878770.42293 -3964572.15087
F -7888609.96806 -3960712.06472 -7883890.96806 -3961579.06472
F -7848342.87554 -3959947.77448 -7843953.87554 -3960271.77448
F -7830992.85391 -3935931.29549 -7828270.85391 -3939513.29549
F -7870114.79733 -3976653.76406 -7865263.79733 -3979609.76406
F -7835536.278 -3973151.81841 -7831809.278 -3976383.81841
F -7841915.10568 -3970206.18852 -7841375.10568 -3974711.18852
F -7870231.40641 -3979804.4548 -7867177.40641 -3981284.4548
F -7846329.57867 -3979252.4136 -7843302.57867 -3982831.4136
F -7856019.71923 -3936275.57579 -7855913.71923 -3941056.57579
F -7888103.62126 -3929531.41266 -7885369.62126 -3930494.41266
F -7849826.68989 -3948263.97122 -7846761.68989 -3949852.97122
F -7877600.68722 -3939753.50383 -7873081.68722 -3942513.50383
F -7877313.46827 -3937586.93025 -7876405.46827 -3938432.93025
F -7874281.14522 -3946847.86703 -7870940.14522 -3948156.86703
F -7838842.27315 -3971147.24909 -7834610.27315 -3971257.24909
F -7869533.84788 -3968309.44575 -7867092.84788 -3972587.44575
F -7890130.93442 -3966272.0207 -7888061.93442 -3971108.0207
F -7864797.98081 -3943390.82682 -7861224.98081 -3948112.82682
F -7849987.78612 -3933884.13717 -7848452.78612 -3935380.13717
F -7876152.02394 -3971974.12712 -7872680.02394 -3975960.12712
F -7843940.0011 -3975019.94102 -7841041.0011 -3978002.94102
F -7830651.10935 -3943828.67358 -7826526.10935 -3947844.67358
F -7843347.98724 -3930465.56674 -7842365.98724 -3933373.56674
F -7895413.22096 -3941132.07132 -7891865.22096 -3941375.07132
F -7861565.23349 -3955734.25038 -7860220.23349 -3957432.25038
F -7897342.27306 -3959727.86001 -7893829.27306 -3964157.86001
F -7871537.59499 -3973357.57571 -7866656.59499 -3977982.57571
F -7845338.30045 -3942406.35962 -7844006.30045 -3944333.35962
F -7897122.706 -3931893.8664 -7895808.706 -3936294.8664
F -7888755.5157 -3942198.0659 -7884040.5157 -3947184.0659
F -7846762.95498 -3979830.86684 -7842763.95498 -3983703.86684
F -7875955.30571 -3982118.16221 -7873539.30571 -3983377.16221
F -7866528.52957 -3981231.26704 -7862481.52957 -3981744.26704
F -7892655.65684 -3974899.16955 -7889659.65684 -3976165.16955
F -7873351.82234 -3927859.16058 -7869487.82234 -3932505.16058
F -7863388.50049 -3931458.31926 -7860195.50049 -3934005.31926
F -7865997.67107 -3966047.10981 -7862999.67107 -3967600.10981
F -7862316.59122 -3932818.5101 -7857720.59122 -3935907.5101
F -7864237.28592 -3967310.0615 -7861037.28592 -3968287.0615
F -7852076.92889 -3948844.32932 -7849615.92889 -3950447.32932
F -7863024.36911 -3975130.89455 -7861673.36911 -3979603.89455
F -7854609.46218 -3950973.02983 -7849991.46218 -3951034.02983
F -7852168.91144 -3977578.25171 -7847438.91144 -3979865.25171
F -7854607.21694 -3956942.90508 -7849777.21694 -3958030.90508
F -7898423.16979 -3936177.28886 -7894960.16979 -3938441.28886
F -7884739.49889 -3969768.60951 -7881265.49889 -3971714.60951
F -7843129.22971 -3964816.06951 -7838138.22971 -3965063.06951
F -7890484.3372 -3974676.12107 -7887549.3372 -3977287.12107
F -7893102.13642 -3933474.21625 -7889825.13642 -3933572.21625
F -7883754.87032 -3944171.96832 -7880882.87032 -3945382.96832
F -7888096.4915 -3969491.5396 -7883533.4915 -3973864.5396
F -7836265.12827 -3934805.71572 -7835371.12827 -3936073.71572
F -7856583.78946 -3931052.2748 -7854851.78946 -3936036.2748
F -7829660.99985 -3967980.28606 -7828602.99985 -3969295.28606
F -7842838.35101 -3977635.54209 -7842625.35101 -3982050.54209
F -7894867.67416 -3968797.93578 -7890846.67416 -3972147.93578
F -7861486.20628 -3957722.06477 -7856744.20628 -3961418.06477
F -7857500.88455 -3970798.11066 -7854412.88455 -3973632.11066
F -7889695.64803 -3969703.50973 -7887476.64803 -3969731.50973
F -7834333.08219 -3980311.5613 -7830110.08219 -3981278.5613
F -7882300.80513 -3931268.42269 -7878561.80513 -3935000.42269
F -7873162.1706 -3959271.172 -7868512.1706 -3963898.172
F -7889621.17325 -3945510.51971 -7888642.17325 -3948751.51971
F -7868909.61933 -3932810.43393 -7864257.61933 -3933385.43393
F -7892547.65498 -3972569.74442 -7888586.65498 -3977540.74442
F -7880147.64304 -3963479.11143 -7876862.64304 -3966244.11143
F -7868657.23247 -3975766.2229 -7865085.23247 -3980761.2229
F -7894272.00628 -3936797.8468 -7889312.00628 -3940570.8468
F -7835734.60154 -3950180.4385 -7831489.60154 -3954915.4385
F -7834968.95419 -3931603.66588 -7834212.95419 -3931822.66588
F -7861625.64812 -3928232.4575 -7859757.64812 -3930043.4575
F -7846433.62195 -3954926.8871 -7844902.62195 -3955267.8871
F -7888692.79664 -3942062.18724 -7884987.79664 -3943865.18724
F -7879933.67175 -3971583.40126 -7879617.67175 -3976072.40126
F -7859071.57011 -3948602.61385 -7854438.57011 -3951435.61385
F -7859151.70719 -3945929.23865 -7858743.70719 -3948961.23865
F -7843487.24938 -3965686.91051 -7841425.24938 -3965738.91051
F -7865508.76579 -3935525.77073 -7863415.76579 -3935814.77073
F -7872462.87933 -3939334.76779 -7868946.87933 -3943929.76779
F -7849527.56492 -3939034.61607 -7846795.56492 -3941455.61607
F -7853684.84843 -3967873.44234 -7850651.84843 -3970649.44234
F -7841000.11856 -3981414.73052 -7839658.11856 -3982258.73052
F -7881314.17856 -3980880.70875 -7877522.17856 -3983069.70875
F -7857176.15946 -3925978.59751 -7855762.15946 -3929358.59751
F -7885567.93835 -3957365.31455 -7882224.93835 -3960531.31455
F -7849954.83289 -3926944.414 -7845745.83289 -3929025.414
F -7869000.45701 -3949009.47296 -7866453.45701 -3949688.47296
F -7856688.87908 -3978103.27035 -7855556.87908 -3978598.27035
F -7873165.8103 -3938639.56242 -7872123.8103 -3943613.56242
F -7874490.48134 -3980150.50283 -7871973.48134 -3982958.50283
F -7850316.73678 -3952076.35709 -7846134.73678 -3953347.35709
F -7852320.21509 -3959067.45417 -7852096.21509 -3961641.45417
F -7894679.48769 -3935989.14218 -7891655.48769 -3936863.14218
F -7888699.18252 -3936385.40818 -7885164.18252 -3936589.40818
F -7853821.41602 -3959404.77875 -7852792.41602 -3962867.77875
F -7876401.74369 -3931526.92764 -7872194.74369 -3934233.92764
F -7866561.63251 -3925353.95921 -7865765.63251 -3929613.95921
F -7863102.87692 -3931842.70759 -7862146.87692 -3935933.70759
F -7832918.67318 -3970764.10928 -7829407.67318 -3972789.10928
F -7874884.1273 -3951961.39352 -7871653.1273 -3954435.39352
F -7838288.0856 -3973136.3464 -7837446.0856 -3974678.3464
F -7860188.53116 -3978695.33537 -7859628.53116 -3982842.33537
F -7878889.91437 -3959967.83306 -7874752.91437 -3963099.83306
F -7894604.31033 -3929634.80085 -7892844.31033 -3929781.80085
F -7897472.87371 -3980706.87989 -7894126.87371 -3984222.87989
F -7890864.43708 -3943422.80932 -7889339.43708 -3946855.80932
F -7836229.22629 -3961690.75628 -7835005.22629 -3965823.75628
F -7842173.94517 -3932716.04508 -7839749.94517 -3937084.04508
F -7880541.15251 -3952242.51925 -7877489.15251 -3956262.51925
F -7897954.78606 -3931095.69264 -7893080.78606 -3931525.69264
F -7847448.55913 -3978672.28926 -7847052.55913 -3980349.28926
F -7887722.80323 -3941735.75545 -7885875.80323 -3942427.75545
F -7899485.09582 -3947852.91183 -7897601.09582 -3949396.91183
F -7848406.68406 -3943367.05809 -7847886.68406 -3947702.05809
F -7851256.97877 -3953688.99817 -7849725.97877 -3957264.99817
F -7868049.86437 -3964938.51597 -7864618.86437 -3969913.51597
F -7844044.3186 -3942231.9332 -7840290.3186 -3946154.9332
F -7846350.58712 -3970717.1715 -7845907.58712 -3973549.1715
F -7881284.69199 -3961925.14407 -7879254.69199 -3963553.14407
F -7830471.4108 -3947039.03848 -7825670.4108 -3949980.03848
F -7830009.63119 -3972804.48079 -7826190.63119 -3975491.48079
F -7853443.07504 -3940223.32647 -7851836.07504 -3941509.32647
F -7855136.19177 -3924913.2852 -7852313.19177 -3929690.2852
F -7847806.98147 -3946097.2314 -7846056.98147 -3947962.2314
F -7897556.56105 -3966933.79953 -7897245.56105 -3970097.79953
F -7886770.85909 -3960031.89766 -7881850.85909 -3960076.89766
F -7833446.20754 -3927487.36986 -7829230.20754 -3931338.36986
F -7865014.64662 -3929776.94936 -7861616.64662 -3932386.94936
F -7838381.11965 -3977115.04666 -7835226.11965 -3978001.04666
F -7858477.15563 -3963236.37447 -7857344.15563 -3964095.37447
F -7886890.8318 -3955118.05794 -7883361.8318 -3955702.05794
F -7886822.24507 -3937402.32179 -7885530.24507 -3940649.32179
F -7885451.13408 -3949779.04219 -7882440.13408 -3951959.04219
F -7835121.61287 -3973207.56645 -7831979.61287 -3975846.56645
F -7853483.74799 -3981574.18916 -7848701.74799 -3983545.18916
F -7846286.22563 -3938696.55151 -7845511.22563 -3942351.55151
F -7860671.66287 -3949030.64047 -7860606.66287 -3949915.64047
F -7876304.99258 -3952665.89509 -7871425.99258 -3953023.89509
F -7854394.15585 -3960773.01845 -7850047.15585 -3960864.01845
F -7874309.311 -3934430.53665 -7871839.311 -3937546.53665
F -7851542.06948 -3954184.41296 -7851073.06948 -3955018.41296
F -7863787.87077 -3963858.7991 -7863394.87077 -3968854.7991
F -7853743.4984 -3974282.0154 -7851617.4984 -3975323.0154
F -7888376.36165 -3966652.32399 -7884644.36165 -3967916.32399
F -7898487.51717 -3944420.32153 -7893899.51717 -3944536.32153
F -7834622.37648 -3939753.53612 -7834014.37648 -3943156.53612
F -7855292.03069 -3932098.01416 -7853232.03069 -3936655.01416
F -7894390.45149 -3931166.49448 -7893094.45149 -3936002.49448
F -7889445.28741 -3958712.79953 -7888302.28741 -3962118.79953
F -7863921.8338 -3968950.14073 -7858967.8338 -3970942.14073

