0
F 10510371.443106055 10331516.787251964 10525431.443106055 10327043.787251964
F 298222.9995283433 11727257.825782921 312283.9995283433 11717200.825782921
F 14263412.548563976 7744548.102053184 14267385.548563976 7739036.102053184
F 736942.1782917203 6915123.235630219 759248.1782917203 6912619.235630219
F 9110824.485266995 8624151.219102137 9142810.485266995 8604171.219102137
F 3884725.5465911618 6685689.21033078 3907226.5465911618 6655297.21033078
F 8881175.733963348 8769669.81375583 8908229.733963348 8757002.81375583
F 10346270.483501744 5584782.271544794 10374434.483501744 5551875.271544794
F 9821315.554866942 7483464.595154026 9825164.554866942 7468774.595154026
F 4673334.618470249 1950570.2226861243 4679862.618470249 1920168.2226861243
F 330925.21519133507 11415884.832931947 333655.21519133507 11410321.832931947
F 4787219.04418873 5639582.393807303 4811006.04418873 5614480.393807303
F 5619856.042570074 13211344.893540828 5632996.042570074 13184813.893540828
F 5434384.187442269 8215995.378788379 5460680.187442269 8197816.378788379
F 4109161.67108063 1987649.7447908048 4116741.67108063 1976202.7447908048
F 6100956.496277343 12886422.245058954 6113047.496277343 12850306.245058954
F 8554932.69375508 6416200.27254771 8574691.69375508 6407137.27254771
F 2950031.5053912317 12591315.710478187 2972619.5053912317 12576500.710478187
F 4734886.42102692 4032064.1981779635 4740365.42102692 4027444.1981779635
F 3025757.222440408 225667.1522589434 3062794.222440408 190773.1522589434
F 13984250.637743885 4259291.876287177 14016939.637743885 4246368.876287177
F 9942150.033256473 3566442.40710134 9951151.033256473 3556715.40710134
F 2085637.3562243667 9409939.912148789 2091690.3562243667 9390517.912148789
F 13540379.38565356 2514376.9740999686 13550259.38565356 2507764.9740999686
F 12920580.645682758 8141946.892026586 12935989.645682758 8112426.892026586
F 3399794.17563335 4262450.868169839 3433276.17563335 4262257.868169839
F 5082390.9114430975 10840119.688196583 5086433.9114430975 10821996.688196583
F 11049356.518019851 1198864.5359528712 11050944.518019851 1184463.5359528712
F 9998943.277402515 4412617.493155235 10036101.277402515 4390524.493155235
F 12494303.78916159 4257718.79940156 12516337.78916159 4228498.79940156
F 6294483.278155288 4032863.5916735907 6318815.278155288 4021868.5916735907
F 1968370.5626671826 4579272.953351382 1984711.5626671826 4568754.953351382
F 12903770.713259635 1938901.4128682106 12931494.713259635 1922739.4128682106
F 8632537.361595675 808625.5648028493 8665829.361595675 795133.5648028493
F 941858.976171961 409306.82551444933 954065.976171961 397516.82551444933
F 12870140.098008154 9274813.914306449 12885729.098008154 9242396.914306449
F 11481185.714074332 6736052.892344344 11518574.714074332 6729780.892344344
F 5061009.242428499 13602301.553468011 5075748.242428499 13573435.553468011
F 10329896.759584332 14037527.01354587 10330260.759584332 14035244.01354587
F 8026480.682690999 14327457.724233614 8056266.682690999 14289874.724233614
F 8793959.663107943 6207363.003865638 8823259.663107943 6184892.003865638
F 7878963.516813029 1270797.0790119271 7894027.516813029 1261573.0790119271
F 7017326.38056496 7045729.420690521 7047511.38056496 7044357.420690521
F 12135985.987568317 12434265.187214572 12151495.987568317 12414805.187214572
F 13741305.855080765 152128.73198542738 13744400.855080765 146099.73198542738
F 3492838.5734450556 7001096.298552973 3495376.5734450556 6973503.298552973
F 8318873.292722427 5172622.7903341 8348468.292722427 5171704.7903341
F 3948808.445030438 6441929.95282853 3984371.445030438 6439075.95282853
F 1201439.2124380115 13792166.309304534 1225205.2124380115 13789980.309304534
F 4983938.719862033 7785128.75879435 5010176.719862033 7760317.75879435
F 2469025.6692411657 2115275.086655984 2474055.6692411657 2115073.086655984
F 13221090.207732365 3667420.3006972345 13232109.207732365 3634000.3006972345
F 8172293.118443573 7493363.424818339 8204849.118443573 7492497.424818339
F 3725096.633191862 12784931.469371691 3726087.633191862 12781438.469371691
F 847561.2723569989 12433797.277130047 854687.2723569989 12426247.277130047
F 2626719.61173228 1959306.6312050412 2639872.61173228 1940292.6312050412
F 13105037.227084154 10624024.394587347 13140847.227084154 10607005.394587347
F 879980.0041868614 7452305.368576153 905278.0041868614 7450967.368576153
F 373044.5977087328 14175994.166727979 395016.5977087328 14153092.166727979
F 1425379.873032175 5119384.315733215 1445274.873032175 5114353.315733215
F 3108631.255285196 6548621.86689998 3130092.255285196 6533078.86689998
F 6009661.512538182 7435377.260154427 6009931.512538182 7403052.260154427
F 12649327.395044146 1245553.0278573297 12659502.395044146 1241857.0278573297
F 11112794.288183803 3151259.5357539444 11129965.288183803 3133585.5357539444
F 7076264.2412352385 4688371.365507146 7100526.2412352385 4653091.365507146
F 5639218.711452015 3681027.8668111605 5651737.711452015 3649374.8668111605
F 317779.6417143696 1772567.9524527336 345058.6417143696 1737473.9524527336
F 6741263.336077924 980031.7036483205 6764103.336077924 973529.7036483205
F 14315849.222631473 2070396.0364008073 14330008.222631473 2032679.0364008073
F 14178082.84252062 6706072.47395235 14194790.84252062 6682909.47395235
F 12373742.86480922 3440628.542465259 12377824.86480922 3404853.542465259
F 10047724.139740732 10548746.878687361 10066292.139740732 10534365.878687361
F 2052524.961712477 3798078.9337119255 2089214.961712477 3761861.9337119255
F 13498811.176047605 3737905.133090072 13534115.176047605 3719744.133090072
F 3121149.487177345 4977852.797842126 3139097.487177345 4966901.797842126
F 4073058.202955757 4530032.489236361 4091726.202955757 4515766.489236361
F 12748345.352252403 4332058.087368944 12751021.352252403 4306950.087368944
F 10847830.242569067 9946988.261910673 10858754.242569067 9930937.261910673
F 4171218.577026383 6709878.9530890025 4193779.577026383 6693958.9530890025
F 12886807.435450599 2125908.9462006437 12902045.435450599 2096777.946200644
F 7141534.736953285 6553630.287376775 7159293.736953285 6529602.287376775
F 9048991.370948311 7709540.211694723 9062419.370948311 7674874.211694723
F 243211.44804679087 6146693.334489445 244200.44804679087 6130043.334489445
F 8943879.132409293 10976550.429823939 8974415.132409293 10972368.429823939
F 12659096.915569622 8530581.5511723 12659906.915569622 8499099.5511723
F 9331834.455065096 5609355.782040861 9363626.455065096 5606422.782040861
F 4222333.761455194 10113268.993185785 4256221.761455194 10102078.993185785
F 6365803.595784464 14100659.401011547 6373308.595784464 14079215.401011547
F 13374200.802414062 1498810.6855027021 13383155.802414062 1498708.6855027021
F 11747133.872427776 11621462.78655644 11754904.872427776 11590795.78655644
F 4437802.429657691 3944872.1994615737 4441241.429657691 3921551.1994615737
F 10383999.940721951 1941208.6870416997 10417025.940721951 1903616.6870416997
F 4695587.363062482 5988268.527880639 4701002.363062482 5959868.527880639
F 14247654.970685758 13038549.995547313 14254675.970685758 13034011.995547313
F 7877064.0507959435 3855090.5304716914 7909209.0507959435 3824813.5304716914
F 495380.40296132595 3576010.2204654263 529147.402961326 3573966.2204654263
F 13104762.399382988 12836634.89607009 13117540.399382988 12813163.89607009
F 6805815.054387479 730510.4982130415 6815094.054387479 723460.4982130415
F 4239228.903766032 3913871.303771971 4264496.903766032 3886028.303771971
F 4571270.28126766 7188975.556190724 4577044.28126766 7168780.556190724
F 938650.0068928277 5134597.915940912 944737.0068928277 5116371.915940912
F 2091568.054954119 5738024.060096258 2113304.054954119 5706789.060096258
F 2299401.9504266875 3261750.8743715314 2304086.9504266875 3254702.8743715314
F 5078996.311264207 7452025.546829203 5091269.311264207 7414554.546829203
F 14049434.034422688 9864585.34282769 14077174.034422688 9830418.34282769
F 8305799.2668137 11378344.28478456 8336745.2668137 11373113.28478456
F 10799120.76347243 68346.35278200099 10808242.76347243 63978.35278200099
F 13657933.405724892 367421.2088308151 13662204.405724892 363685.2088308151
F 3816734.653653688 6549586.729066511 3824581.653653688 6543535.729066511
F 136509.28257745606 3801505.583367847 173387.28257745606 3798561.583367847
F 232795.38035217542 11195278.750064846 235029.38035217542 11191195.750064846
F 4104372.694572486 4946061.162449879 4140974.694572486 4910254.162449879
F 8464213.760046357 9129852.155950887 8500522.760046357 9111289.155950887
F 7992694.646144015 9062273.604285762 8029840.646144015 9038316.604285762
F 3210917.6655842285 5428764.521389148 3242569.6655842285 5397675.521389148
F 8317577.4469113415 5147954.697838246 8332169.4469113415 5123209.697838246
F 6899616.547999904 7604209.417867028 6930230.547999904 7593449.417867028
F 8307496.767016475 14202473.45662536 8316600.767016475 14175937.45662536
F 3599801.6609560237 9867870.33950453 3610126.6609560237 9849582.33950453
F 5127407.855809052 2933260.039495864 5145320.855809052 2908318.039495864
F 11951145.576717725 8418419.24044819 11975935.576717725 8416993.24044819
F 13961970.258005232 12919179.933749782 13974553.258005232 12906014.933749782
F 10019607.983919613 12498364.970695019 10030018.983919613 12474757.970695019
F 3047047.4900830765 1325500.772196032 3064608.4900830765 1297740.772196032
F 8759842.720268436 9679267.920916034 8779832.720268436 9662144.920916034
F 13139686.001271605 6946498.47578866 13167079.001271605 6922886.47578866
F 7411138.721417828 4727768.231459666 7420900.721417828 4720361.231459666
F 722119.6552336124 11360748.190006547 757834.6552336124 11329341.190006547
F 13378076.12709495 6663927.4357640045 13379892.12709495 6631647.4357640045
F 2636974.7868772033 6670633.73375244 2671798.7868772033 6637287.73375244
F 1891546.1485856134 12815782.932404585 1897355.1485856134 12790536.932404585
F 1966835.0186764982 9826304.819375368 1968690.0186764982 9803649.819375368
F 12302818.094677497 13070958.95689552 12308472.094677497 13055108.95689552
F 419260.88194380165 12598038.91279338 441739.88194380165 12594250.91279338
F 11433605.179175254 3166097.260304203 11452311.179175254 3156559.260304203
F 8931567.665250357 14479752.898127068 8955567.665250357 14445576.898127068
F 9799608.305640735 3927196.3652566173 9836257.305640735 3922441.3652566173
F 9760640.756899688 11162783.726094129 9771691.756899688 11144470.726094129
F 2900860.623855228 2833017.5820140988 2936981.623855228 2810866.5820140988
F 14003716.655235277 4263804.75396088 14011024.655235277 4234507.75396088
F 4619670.667836545 6021971.024295032 4624813.667836545 6006402.024295032
F 168070.82685396422 12288829.397356723 190952.82685396422 12271621.397356723
F 5868337.470109009 6441887.769853242 5869118.470109009 6427543.769853242
F 14492735.245315872 8874924.136333762 14506022.245315872 8839038.136333762
F 2174831.463053823 438525.36394767975 2180335.463053823 437917.36394767975
F 9069030.12826651 2054680.4140388982 9069963.12826651 2026339.4140388982
F 7887019.858733914 5278031.826399811 7914615.858733914 5249440.826399811
F 408425.3647118022 9240695.667144794 424105.3647118022 9210050.667144794
F 6281929.574572613 3908803.064443568 6296251.574572613 3892245.064443568
F 6423851.292294308 10293896.255335206 6453305.292294308 10290035.255335206
F 3707371.549610413 6535150.365671328 3732252.549610413 6520853.365671328
F 2706192.9915075316 3126420.971892621 2725988.9915075316 3117077.971892621
F 651336.7936991851 11548288.97790954 689168.7936991851 11519736.97790954
F 11263221.161439084 1892796.7552333926 11286238.161439084 1876470.7552333926
F 10170090.674751254 10262752.945485407 10205312.674751254 10232920.945485407
F 5353270.055545107 12278190.6945464 5373324.055545107 12261708.6945464
F 12661340.008549541 13936590.439081412 12665194.008549541 13919140.439081412
F 589454.0551149031 8173006.831517165 627302.0551149031 8172792.831517165
F 12993903.540373439 3863403.398722254 12999416.540373439 3831428.398722254
F 4864527.225162691 3375717.58013701 4892068.225162691 3354912.58013701
F 5733235.9355979115 4787452.640461269 5737548.9355979115 4775742.640461269
F 11010954.710827725 8535328.250865826 11038037.710827725 8533402.250865826
F 11741834.835858976 6295230.709989556 11760603.835858976 6294549.709989556
F 13979758.415948486 543058.0003786616 14014745.415948486 505157.00037866156
F 6140977.675272662 496093.7303190251 6170952.675272662 479529.7303190251
F 13020504.837345982 13555402.286825534 13057968.837345982 13547565.286825534
F 3683816.322475189 518776.2173604072 3705392.322475189 514011.2173604072
F 97918.95098678992 2840472.18188205 123417.95098678992 2825024.18188205
F 12190692.932395995 10138930.60663306 12198364.932395995 10131596.60663306
F 3047559.5268686004 4171220.6261232984 3049797.5268686004 4150790.6261232984
F 12084787.844679045 1269828.0027902625 12093012.844679045 1259394.0027902625
F 11702970.438484013 7655954.902692669 11703924.438484013 7628311.902692669
F 8722553.08130324 12283159.55187124 8752526.08130324 12255836.55187124
F 12889014.617433563 14406064.161268482 12900299.617433563 14397461.161268482
F 8039535.662310131 13978076.842100926 8053318.662310131 13973768.842100926
F 6974985.386342733 9722739.281752653 6980693.386342733 9688829.281752653
F 10051391.4907627 6283437.601519656 10081647.4907627 6273846.601519656
F 11254207.019023078 1953119.053504793 11276425.019023078 1915582.053504793
F 12535616.578688808 1460596.4591318846 12548313.578688808 1446814.4591318846
F 9954952.455380498 12721313.511576423 9972534.455380498 12716522.511576423
F 2001735.0086822882 8372423.670415075 2008134.0086822882 8367464.670415075
F 11226654.78805 6241221.000011193 11249669.78805 6215616.000011193
F 2094048.9122318374 10824118.302423624 2123863.9122318374 10822173.302423624
F 2610016.775574737 13793654.292482622 2614456.775574737 13775404.292482622
F 13678034.900175657 14646214.453688167 13683629.900175657 14634643.453688167
F 8365542.213134255 1095652.1148665766 8399546.213134255 1065087.1148665766
F 9403328.493178442 7681191.531436944 9409955.493178442 7678901.531436944
F 10639789.901911503 11643077.500259383 10668015.901911503 11628490.500259383
F 11871506.237244181 7683947.800631086 11896031.237244181 7654281.800631086
F 3978557.3709511384 6002980.45432578 4012108.3709511384 5972158.45432578
F 6673638.465086466 6777785.620758001 6695218.465086466 6745762.620758001
F 2728618.7063409197 2825461.6110524526 2747269.7063409197 2808496.6110524526
F 1159841.1583019376 13596738.654315127 1167891.1583019376 13594816.654315127
F 1328392.4280642562 7677468.255293294 1356481.4280642562 7653390.255293294
F 5272033.474699806 7554926.205233918 5299750.474699806 7540382.205233918
F 4962448.691752123 872709.2270073297 4970489.691752123 869201.2270073297
F 13732572.582555154 8643849.519667204 13734959.582555154 8624125.519667204
F 1840650.027295947 4696327.533809569 1863268.027295947 4665920.533809569
F 740222.7531074097 9211950.001191553 749775.7531074097 9190316.001191553
F 8361716.556124587 13672662.612203652 8395906.556124587 13636534.612203652
F 7003869.263727626 13425112.51300124 7027194.263727626 13392984.51300124
F 3988977.613640662 10925628.172335617 4006451.613640662 10916929.172335617
F 8152849.690224584 8564745.89365256 8172920.690224584 8558480.89365256
F 3620457.622710373 11125633.017113274 3637019.622710373 11090998.017113274
F 13452256.210156318 8376863.946041204 13458943.210156318 8357682.946041204
F 7031757.544542859 14382617.21783396 7063840.544542859 14380720.21783396
F 5529613.206476463 14505581.054449273 5534941.206476463 14488185.054449273
F 4080785.136946346 9682170.977235565 4113386.136946346 9677414.977235565
F 4893440.227161713 11533145.959058512 4894078.227161713 11518447.959058512
F 3360643.815222503 5399288.581774478 3384851.815222503 5370985.581774478
F 6047532.661137444 9152291.384439208 6061489.661137444 9123893.384439208
F 11180145.28575941 3658206.8250287366 11207549.28575941 3646367.8250287366
F 5177166.518363747 12342033.126600217 5184912.518363747 12320359.126600217
F 2585118.0106465113 5568019.535393415 2587602.0106465113 5556439.535393415
F 3057175.8581499225 8948648.20589646 3087929.8581499225 8928744.20589646
F 2409321.7071934124 752452.3278358853 2429821.7071934124 744736.3278358853
F 12676851.557332642 5748189.547924487 12700397.557332642 5720376.547924487
F 9345015.696932305 1416413.8957945022 9361225.696932305 1407103.8957945022
F 131103.51580264553 4433360.744523729 143324.51580264553 4426264.744523729
F 12053094.361453228 14498271.217714174 12066452.361453228 14491180.217714174
F 8137577.713108633 5194734.837206855 8137730.713108633 5177665.837206855
F 2162015.609923906 817391.1454275278 2179688.609923906 797610.1454275278
F 2119122.408750367 2954875.131953637 2153980.408750367 2944609.131953637
F 13004959.048011454 10886074.8586251 13012346.048011454 10864554.8586251
F 14220239.74967057 8225988.341196115 14255125.74967057 8212339.341196115
F 1443459.1272785617 4550149.867825244 1452411.1272785617 4548782.867825244
F 5825928.533079728 12664860.76595746 5827422.533079728 12630103.76595746
F 11639073.68611611 10040875.521247843 11662166.68611611 10035633.521247843
F 12246930.041556967 1171617.0740888861 12278644.041556967 1170543.0740888861
F 9636739.964327885 6535747.064275332 9668828.964327885 6506646.064275332
F 7439386.821960708 10887029.304655634 7464333.821960708 10852552.304655634
F 6414689.620591418 13891167.740678266 6437890.620591418 13869199.740678266
F 1687420.264841618 1355986.6116743514 1703179.264841618 1332227.6116743514
F 10527199.149014922 4449272.63461262 10556977.149014922 4430097.63461262
F 5052439.993851523 6377925.398558987 5072260.993851523 6363900.398558987
F 5095052.081153781 6875388.863273882 5127778.081153781 6845509.863273882
F 11063551.352314383 2187896.075240075 11069907.352314383 2183729.075240075
F 9058450.206095062 4809389.800749083 9092398.206095062 4782147.800749083
F 42050.23331201257 11257729.678696001 42774.23331201257 11232043.678696001
F 14615878.797824442 1137014.8822885419 14653052.797824442 1120084.8822885419
F 3965151.4745360697 8425825.190790934 3979677.4745360697 8390856.190790934
F 1722574.3584005898 10274047.757437889 1739371.3584005898 10267921.757437889
F 2847334.614321465 4346247.347238541 2866407.614321465 4319375.347238541
F 8989312.385552263 5604508.335633869 9020153.385552263 5598588.335633869
F 11202609.542833595 12637988.240454502 11223482.542833595 12615941.240454502
F 5995526.830731861 5486094.690495874 5995810.830731861 5464138.690495874
F 13290936.127154408 12484386.881933399 13325444.127154408 12484317.881933399
F 4692318.319363358 7352721.284905614 4700519.319363358 7336318.284905614
F 7932334.996394804 10691719.14027923 7949850.996394804 10685830.14027923
F 7939800.082870593 13125346.154294236 7957261.082870593 13119017.154294236
F 13374455.067886082 38518.02282971333 13407117.067886082 10600.022829713327
F 12243827.405242499 4508212.029071332 12257824.405242499 4481142.029071332
F 6738184.002731885 10554062.684786195 6763969.002731885 10551853.684786195
F 7719924.580943461 9416080.098114034 7749001.580943461 9383204.098114034
F 14568458.413953288 10297658.282921635 14575968.413953288 10290531.282921635
F 4553677.4979847325 1494447.3391353707 4573643.4979847325 1481368.3391353707
F 2925572.4658722817 5142735.345711582 2961004.4658722817 5114797.345711582
F 10912633.550384244 12137151.945558136 10922982.550384244 12119056.945558136
F 6782736.432415972 12190916.742744278 6811136.432415972 12157541.742744278
F 4491791.519182962 3725191.7189939334 4528109.519182962 3717825.7189939334
F 13903535.157415561 7569155.017710933 13935479.157415561 7543798.017710933
F 4912369.236468139 11595197.496223157 4947728.236468139 11569497.496223157
F 10674250.946973024 10032268.006016787 10710809.946973024 10003261.006016787
F 10810730.737892661 11191704.75172441 10820686.737892661 11188286.75172441
F 14500204.482134815 2399591.5002793786 14518096.482134815 2396003.5002793786
F 6237762.398002298 11315749.183610262 6265955.398002298 11306790.183610262
F 686753.2278984132 6436161.023819559 709958.2278984132 6416940.023819559
F 10146788.599095337 14265498.501390604 10157996.599095337 14253937.501390604
F 2047961.3047258302 5946803.835903564 2057394.3047258302 5941854.835903564
F 6139754.450323171 297117.9664404782 6166494.450323171 259528.9664404782
F 5773660.108541104 5706293.06543518 5794994.108541104 5684891.06543518
F 5830501.275287859 2796407.8522316106 5862257.275287859 2763548.8522316106
F 2706496.7752302503 6683342.58206922 2723824.7752302503 6678155.58206922
F 5036632.318955589 3665617.2649641884 5040969.318955589 3663160.2649641884
F 81610.81050929305 368648.42032351904 103225.81050929305 335734.42032351904
F 398923.69737646513 9917184.26293474 422411.69737646513 9902729.26293474
F 11746472.486015989 3845385.118900892 11770601.486015989 3832260.118900892
F 8674887.797858803 10071844.978367895 8694705.797858803 10042439.978367895
F 12198469.554490147 4127989.358807889 12218527.554490147 4096410.358807889
F 584527.6731036913 8984261.030957535 617428.6731036913 8960160.030957535
F 291033.92431486683 1459341.6007891898 300168.92431486683 1454766.6007891898
F 4490093.4040998025 12991492.158058114 4500419.4040998025 12962467.158058114
F 4034806.7282239487 3983832.5931385397 4059145.7282239487 3951617.5931385397
F 1607881.4203837933 13198797.9389574 1623504.4203837933 13196042.9389574
F 980188.2312780779 13282133.38190819 989839.2312780779 13249968.38190819
F 11196382.041042177 439475.57279599406 11202946.041042177 432220.57279599406
F 8570633.775848774 2951427.9764442258 8605207.775848774 2933350.9764442258
F 10328840.831420206 13383581.46890868 10361133.831420206 13372878.46890868
F 11188531.990356868 5283010.097507277 11208581.990356868 5246995.097507277
F 9026520.268934477 6392510.225409978 9037669.268934477 6383653.225409978
F 4931722.408492627 5225240.1711182995 4965606.408492627 5218354.1711182995
F 1417816.6912597797 11947795.514146179 1453621.6912597797 11910202.514146179
F 5512483.850136012 9576583.067173935 5547339.850136012 9553698.067173935
F 5468232.9135204945 13378613.86094316 5489327.9135204945 13370109.86094316
F 10469105.327704266 7503471.671279696 10476784.327704266 7490090.671279696
F 5438016.353886291 12857634.44786898 5465914.353886291 12839080.44786898
F 2971849.707294566 11140576.286915345 2976356.707294566 11133117.286915345
F 6678848.074494565 1693535.5029084685 6700313.074494565 1666200.5029084685
F 4566344.003606524 10655464.876236806 4571157.003606524 10637485.876236806
F 13219875.185956076 1002526.1964259836 13246932.185956076 997498.1964259836
F 1351219.890013745 7455512.18101573 1366258.890013745 7436186.18101573
F 1097011.6954653098 6066511.185769049 1103037.6954653098 6043566.185769049
F 1723831.3014989519 4494789.156964747 1758436.3014989519 4463688.156964747
F 6465876.976128899 5622503.9116426725 6478350.976128899 5594105.9116426725
F 526686.5755810678 5662301.62059444 527601.5755810678 5661433.62059444
F 4087115.8546912232 164334.31241219252 4098692.8546912232 128911.3124121925
F 3120838.116196039 11264728.00388533 3153190.116196039 11228097.00388533
F 10978200.512586325 3698893.0665432257 10991152.512586325 3696800.0665432257
F 14433108.609287804 9403770.554894825 14462743.609287804 9379141.554894825
F 5871435.897737151 748249.8836919819 5889499.897737151 741917.8836919819
F 952777.7443750651 3085039.4092432167 980337.7443750651 3081880.4092432167
F 7999027.693197874 5400787.7311591115 8033612.693197874 5368437.7311591115
F 4413231.50420379 1527321.1416440343 4418931.50420379 1517638.1416440343
F 11254975.155673146 2212294.0733178155 11284778.155673146 2189433.0733178155
F 2416496.6671398077 4079136.917317411 2429470.6671398077 4056113.917317411
F 8558920.755400792 4598450.782196653 8580310.755400792 4587756.782196653
F 13222418.624487076 10492824.02023339 13229376.624487076 10489962.02023339
F 9633245.929982096 12847708.816246448 9639177.929982096 12831738.816246448
F 1452390.378282599 14615765.01295021 1463606.378282599 14611166.01295021
F 3446262.18081773 10839698.704511845 3481669.18081773 10828877.704511845
F 4549754.153316123 10947514.333042184 4554767.153316123 10925019.333042184
F 8008773.845262308 10660839.979832541 8046270.845262308 10629125.979832541
F 7623750.838470889 5904774.023527623 7642499.838470889 5899108.023527623
F 8983798.192863109 12293373.423238538 9017412.192863109 12290344.423238538
F 4603966.095486994 14343617.077521216 4627271.095486994 14333673.077521216
F 13351336.860119188 4768201.493879771 13386622.860119188 4732492.493879771
F 887258.5746607963 3371650.6535049193 919836.5746607963 3357063.6535049193
F 1308428.480346159 2700137.701301832 1322682.480346159 2677450.701301832
F 12088794.90825777 13190413.71480425 12124338.90825777 13171422.71480425
F 5950627.006453077 1498957.3286640483 5973527.006453077 1489709.3286640483
F 11973746.911117347 4213135.035443085 11999416.911117347 4195599.035443085
F 12294656.50194721 109155.97945453622 12297798.50194721 78507.97945453622
F 14179927.724733923 10835231.119947342 14216831.724733923 10823673.119947342
F 9696016.115564883 305834.434671426 9727615.115564883 277547.434671426
F 13400532.38829236 13132481.871882306 13428957.38829236 13096584.871882306
F 6503089.801127659 1816917.578258013 6538750.801127659 1802214.578258013
F 2108402.8885297976 2818104.7634967826 2142429.8885297976 2798763.7634967826
F 1436451.3377973356 6356163.62324084 1448613.3377973356 6320987.62324084
F 5447134.566228621 3163998.4125843793 5476436.566228621 3158365.4125843793
F 13501736.651876548 11243721.592389219 13517005.651876548 11237796.592389219
F 7307045.000311022 8823871.963322595 7322208.000311022 8811459.963322595
F 5487488.119353923 3477199.631736972 5521435.119353923 3463229.631736972
F 11630652.749948878 7617871.683079702 11649444.749948878 7617688.683079702
F 3670123.8466328704 773250.4450610689 3683278.8466328704 759997.4450610689
F 12201324.498124242 1480888.7875675748 12202905.498124242 1470641.7875675748
F 6896376.736868606 4728154.717242213 6914825.736868606 4690723.717242213
F 9970089.398194883 497936.88201383816 9974889.398194883 493077.88201383816
F 10778912.041777274 980975.9282646577 10783867.041777274 962547.9282646577
F 2821819.3337496645 11092620.596429091 2844840.3337496645 11063711.596429091
F 11180087.709931092 11061098.846864345 11206755.709931092 11051416.846864345
F 3260838.3897612155 6551912.366381161 3286708.3897612155 6516821.366381161
F 9163326.151853148 11044167.31214909 9172764.151853148 11030792.31214909
F 3074256.2227710527 5362790.7764647165 3096095.2227710527 5359885.7764647165
F 8846044.091336794 1095556.0400094714 8868683.091336794 1082723.0400094714
F 1180767.6734649611 11082880.612485873 1198182.6734649611 11075119.612485873
F 3324369.7752703577 9120807.310224622 3344041.7752703577 9110950.310224622
F 3611394.0279912166 9118408.63017196 3647151.0279912166 9108924.63017196
F 2337277.202855191 9081905.861100174 2343651.202855191 9053391.861100174
F 11334196.599124106 4567780.816337474 11362414.599124106 4531085.816337474
F 191937.87081034953 13632455.323535182 214913.87081034953 13623212.323535182
F 10052363.764718367 9719971.431543894 10083831.764718367 9715764.431543894
F 8993921.897713883 5946830.570366476 9014857.897713883 5929040.570366476
F 7097354.763726186 13961420.910677904 7103192.763726186 13953512.910677904
F 2213552.2596924896 1973238.8280423528 2236533.2596924896 1963755.8280423528
F 3358879.803976388 4401441.6640443755 3359485.803976388 4363908.6640443755
F 11930731.546791216 9119286.648656562 11956960.546791216 9094290.648656562
F 680155.9121465788 1462910.2496776015 696159.9121465788 1458727.2496776015
F 4696615.496892189 4640403.11491414 4727273.496892189 4606282.11491414
F 2366413.2917203605 12427402.436568314 2384018.2917203605 12408321.436568314
F 1317588.9909884015 6889726.368853118 1327786.9909884015 6888743.368853118
F 9620223.6673101 5982177.076067914 9650133.6673101 5974455.076067914
F 3768077.083091095 12685815.970972558 3800649.083091095 12670742.970972558
F 1757159.2192276611 12809805.341342261 1768540.2192276611 12789366.341342261
F 735858.6900358013 4494376.863679968 750006.6900358013 4457467.863679968
F 3923901.23860678 10781382.202171125 3959192.23860678 10756826.202171125
F 5799489.33735912 3598703.3696292927 5808509.33735912 3561446.3696292927
F 12548058.5785499 4802677.633084716 12550225.5785499 4764712.633084716
F 14125467.434269391 6959927.795637587 14147588.434269391 6956758.795637587
F 3345735.1410818137 4504705.847598467 3369587.1410818137 4479590.847598467
F 11941423.943069817 472454.6156362717 11942732.943069817 448816.6156362717
F 1351356.033473176 14494668.324312981 1360005.033473176 14484717.324312981
F 9427782.740219748 6551929.451029837 9462399.740219748 6540626.451029837
F 3233184.43631259 10656207.695956394 3249759.43631259 10652948.695956394
F 3142381.17092407 6360744.957830869 3154203.17092407 6350306.957830869
F 14352936.037926406 7426583.614451723 14384715.037926406 7413903.614451723
F 8803334.430173513 506553.9914331114 8823399.430173513 506300.9914331114
F 5495961.359172196 7438188.3418662995 5506759.359172196 7413318.3418662995
F 3729563.990858071 4196927.570520434 3745249.990858071 4195256.570520434
F 12339354.181736732 4122661.671156614 12369627.181736732 4085762.671156614
F 10779229.240052685 3379317.861163453 10800879.240052685 3377463.861163453
F 12007608.126351386 7534038.1379752215 12036229.126351386 7497452.1379752215
F 14392000.862702738 11082780.145067448 14394959.862702738 11082298.145067448
F 2826478.7336443374 4310783.005900568 2849450.7336443374 4285995.005900568
F 6156450.236247584 11995233.866132682 6159752.236247584 11957515.866132682
F 7641673.456309822 11982159.729799215 7672288.456309822 11955674.729799215
F 6197080.268109746 4572811.206470551 6217795.268109746 4548857.206470551
F 9014269.791768461 1995615.5396880934 9023563.791768461 1990540.5396880934
F 6599798.012209154 3772986.301527489 6622775.012209154 3737718.301527489
F 1435465.0690154592 2087105.2696531117 1436962.0690154592 2056031.2696531117
F 1384931.7061590368 3310467.086492854 1410115.7061590368 3292833.086492854

